
#duże(20,30,35)
[(1, 2), (2, 3), (3, 4), (4, 5), (5, 6), (6, 7), (7, 8), (8, 9), (9, 10), (10, 11), (11, 12), (12, 13), (13, 14), (14, 15), (15, 16), (16, 17), (17, 18), (18, 19), (19, 20), (20, 1), (1, 6), (6, 11), (11, 16), (16, 2), (2, 7), (7, 12), (12, 17), (17, 3), (3, 8), (8, 13), (13, 18), (18, 4), (4, 9), (9, 14), (14, 19), (19, 5), (5, 10), (10, 15), (15, 20)]
[(1, 2), (2, 3), (3, 4), (4, 5), (5, 6), (6, 7), (7, 8), (8, 9), (9, 10), (10, 11), (11, 12), (12, 13), (13, 14), (14, 15), (15, 16), (16, 17), (17, 18), (18, 19), (19, 20), (20, 21), (21, 22), (22, 23), (23, 24), (24, 25), (25, 26), (26, 27), (27, 28), (28, 29), (29, 30), (30, 1), (1, 6), (6, 11), (11, 16), (16, 21), (21, 26), (26, 2), (2, 7), (7, 12), (12, 17), (17, 22), (22, 27), (27, 3), (3, 8), (8, 13), (13, 18), (18, 23), (23, 28), (28, 4), (4, 9), (9, 14), (14, 19), (19, 24), (24, 29), (29, 5), (5, 10), (10, 15), (15, 20), (20, 25), (25, 30)]
[(1, 2), (2, 3), (3, 4), (4, 5), (5, 6), (6, 7), (7, 8), (8, 9), (9, 10), (10, 11), (11, 12), (12, 13), (13, 14), (14, 15), (15, 16), (16, 17), (17, 18), (18, 19), (19, 20), (20, 21), (21, 22), (22, 23), (23, 24), (24, 25), (25, 26), (26, 27), (27, 28), (28, 29), (29, 30), (30, 31), (31, 32), (32, 33), (33, 34), (34, 35), (35, 36), (36, 37), (37, 38), (38, 39), (39, 40), (40, 1), (1, 6), (6, 11), (11, 16), (16, 21), (21, 26), (26,
[(1, 2), (2, 3), (3, 4), (4, 5), (5, 6), (6, 7), (7, 8), (8, 9), (9, 10), (10, 11), (11, 12), (12, 13), (13, 14), (14, 15), (15, 16), (16, 17), (17, 18), (18, 19), (19, 20), (20, 21), (21, 22), (22, 23), (23, 24), (24, 25), (25, 26), (26, 27), (27, 28), (28, 29), (29, 30), (30, 31), (31, 32), (32, 33), (33, 34), (34, 35), (35, 1), (1, 6), (6, 11), (11, 16), (16, 21), (21, 26), (26, 31), (31, 7), (7, 12), (12, 17), (17, 22), (22, 27), (27, 32), (32, 8), (8, 13), (13, 18), (18, 23), (23, 28), (28, 33), (33, 9), (9, 14), (14, 19), (19, 24), (24, 29), (29, 34), (34, 10), (10, 15), (15, 20), (20, 25), (25, 30), (30, 35)]

#średnie(10,10,14)
[(1, 2), (2, 3), (3, 4), (4, 5), (5, 6), (6, 7), (7, 8), (8, 9), (9, 10), (10, 1), (1, 4), (4, 7), (7, 10), (10, 3), (3, 6), (6, 9), (9, 2), (2, 5), (5, 8), (8, 1)]
[(1, 2), (2, 3), (3, 4), (4, 5), (5, 6), (6, 7), (7, 8), (8, 9), (9, 10), (10, 1), (1, 5), (5, 9), (9, 3), (3, 7), (7, 2), (2, 6), (6, 10), (10, 4), (4, 8), (8, 1)]
[(1, 2), (2, 3), (3, 4), (4, 5), (5, 6), (6, 7), (7, 8), (8, 9), (9, 10), (10, 11), (11, 12), (12, 13), (13, 14), (14, 1), (1, 5), (5, 9), (9, 13), (13, 2), (2, 6), (6, 10), (10, 14), (14, 3), (3, 7), (7, 11), (11, 4), (4, 8), (8, 12), (12, 1)]
#małe(9,6,7)
[(1, 2), (2, 3), (3, 4), (4, 5), (5, 6), (6, 7), (7, 8), (8, 9), (9, 1), (1, 5), (5, 9), (9, 4), (4, 8), (8, 3), (3, 7), (7, 2), (2, 6), (6, 1)]
[(1, 2), (2, 3), (3, 4), (4, 5), (5, 6), (6, 1), (1, 4), (4, 2), (2, 5), (5, 3), (3, 6), (6, 1)]
[(1, 2), (2, 3), (3, 4), (4, 5), (5, 6), (6, 7), (7, 1), (1, 4), (4, 7), (7, 3), (3, 6), (6, 2), (2, 5)]
